MovieLens
h2_alsh
500,5000,10000,20000,50000,100000,200000,500000,800000,1000000,1500000,2000000
h2_simpfer
500,1000,1200,1500,1800,2000,5000,10000,20000,50000,100000,200000,500000
h2_cone
500,1000,1200,1500,1800,2000,5000,10000,20000,50000,100000,200000,500000
sa_simpfer
500,1000,1200,1500,1800,2000,5000,10000,20000,50000,100000,200000,500000
sa_cone
500,1000,1200,1500,1800,2000,5000,10000,20000,50000,100000,200000,500000

Netflix
h2_alsh
10000,50000,100000,500000,800000,1000000,2000000,3000000,5000000,8000000,10000000
h2_simpfer
1000,2000,5000,10000,20000,50000,100000,200000,500000,800000,1000000
h2_cone
1000,2000,5000,10000,20000,50000,100000,200000,500000,800000,1000000
sa_simpfer
1000,2000,5000,10000,20000,50000,100000,200000,500000,800000,1000000
sa_cone
1000,2000,5000,10000,20000,50000,100000,200000,500000,800000,1000000

CDs_and_Vinyl
h2_alsh
500,1000,5000,10000,50000,100000,200000,500000,1000000,2000000,3000000,5000000,8000000,10000000
h2_simpfer
500,1000,1500,2000,5000,10000,20000,50000,100000,500000
h2_cone
500,1000,1500,2000,5000,10000,20000,50000,100000,500000
sa_simpfer
500,1000,2000,5000,10000,20000,50000,100000,200000,500000
sa_cone
500,1000,2000,5000,10000,20000,50000,100000,200000,500000

Automotive
h2_alsh
1000000,5000000,10000000,20000000,50000000,80000000,100000000,150000000,200000000,300000000,500000000
h2_simpfer
100000,300000,500000,1000000,2000000,3000000,5000000,7000000,10000000,20000000
h2_cone
100000,300000,500000,1000000,2000000,3000000,5000000,7000000,10000000,20000000
sa_simpfer
100000,300000,500000,1000000,2000000,3000000,5000000,7000000,10000000,20000000
sa_cone
100000,300000,500000,1000000,2000000,3000000,5000000,7000000,10000000,20000000

Music100
h2_alsh
10000,20000,50000,100000,200000,500000,1000000,2000000,5000000,10000000,20000000,50000000,80000000,100000000,150000000,200000000
h2_simpfer
1000,2000,3000,4000,5000,6000,7000,8000,9000,10000,20000,30000,50000,80000,100000,300000,500000,1000000,2000000,3000000,5000000,7000000,10000000,20000000
h2_cone
1000,2000,3000,4000,5000,6000,7000,8000,9000,10000,20000,30000,50000,80000,100000,300000,500000,1000000,2000000,3000000,5000000,7000000,10000000,20000000
sa_simpfer
1000,2000,3000,4000,5000,6000,7000,8000,9000,10000,20000,30000,50000,80000,100000,300000,500000,1000000,2000000,3000000,5000000,7000000,10000000,20000000
sa_cone
1000,2000,3000,4000,5000,6000,7000,8000,9000,10000,20000,30000,50000,80000,100000,300000,500000,1000000,2000000,3000000,5000000,7000000,10000000,20000000
